  590.708  589.998  588.821  586.989  584.477  581.283  577.411  572.868  567.664  561.844  560.446  553.657  553.442  552.700
  678.849  676.426  672.416  666.186  657.684  646.935  634.002  618.972  601.955  583.170  578.290  555.150  554.415  552.123
  774.992  770.654  763.478  752.337  737.151  718.003  695.059  668.563  638.829  606.383  597.914  558.727  557.482  553.693
  873.783  867.575  857.291  841.295  819.436  791.792  758.595  720.256  677.382  630.959  618.785  563.855  562.108  556.912
  969.334  961.385  948.227  927.778  899.837  864.433  821.724  772.112  716.434  656.263  640.357  570.337  568.108  561.627
 1059.449 1049.723 1033.662 1008.808  975.048  932.530  881.405  821.863  754.582  681.571  662.039  578.063  575.386  567.774
 1143.014 1131.482 1112.478 1083.182 1043.640  994.277  935.494  867.450  790.360  706.101  683.212  586.905  583.829  575.265
 1218.189 1204.976 1183.226 1149.778 1104.825 1049.085  983.345  908.035  823.074  729.667  703.785  597.002  593.585  584.268
 1280.044 1265.450 1241.441 1204.568 1155.132 1094.086 1022.563  941.382  850.502  750.391  722.172  607.624  603.950  594.097
 1325.816 1310.269 1284.696 1245.445 1192.885 1128.121 1052.529  967.263  872.498  768.209  738.368  618.823  614.979  604.817
 1352.809 1336.824 1310.528 1270.174 1216.154 1149.642 1072.133  984.975  888.561  782.649  751.979  630.367  626.446  616.206
 1359.443 1343.573 1317.465 1277.389 1223.726 1157.631 1080.595  993.999  898.347  793.376  762.704  642.000  638.098  628.011
 1345.421 1330.217 1305.198 1266.776 1215.281 1151.775 1077.625  994.099  901.677  800.173  770.326  653.457  649.668  639.958
 1311.751 1297.716 1274.611 1239.097 1191.429 1132.504 1063.472  985.364  898.533  802.930  774.702  664.479  660.895  651.776
 1260.619 1248.167 1227.656 1196.086 1153.613 1100.924 1038.877  968.193  889.065  801.635  775.763  674.808  671.517  663.188
 1195.112 1184.536 1167.097 1140.202 1103.895 1058.625 1004.932  943.223  873.579  796.372  773.536  684.302  681.385  674.025
 1118.743 1110.189 1096.064 1074.216 1044.583 1007.383  962.872  911.225  852.522  787.328  768.068  692.545  690.072  683.837
 1034.735 1028.203 1017.395 1000.617  977.732  948.788  913.866  873.052  826.495  774.792  759.550  699.434  697.462  692.483
  945.120  940.518  932.890  921.014  904.748  884.080  859.046  829.729  796.291  759.162  748.234  704.786  703.357  699.739
  850.844  848.128  843.625  836.611  827.001  814.788  799.998  782.684  762.927  740.928  734.456  708.452  707.596  705.412
  754.873  754.035  752.647  750.483  747.515  743.738  739.153  733.766  727.586  720.655  718.616  710.313  710.040  709.334
 
  590.708  589.998  588.821  586.989  584.477  581.283  577.411  572.868  567.664  561.877  560.569  554.222  554.021  552.700
  678.849  676.425  672.415  666.185  657.683  646.934  634.001  618.971  601.954  583.266  578.363  555.116  554.378  550.293
  774.992  770.652  763.476  752.335  737.149  718.001  695.057  668.561  638.829  606.540  598.009  558.541  557.287  550.532
  873.783  867.572  857.288  841.292  819.433  791.789  758.592  720.253  677.382  631.173  618.916  563.620  561.862  552.594
  969.334  961.382  948.223  927.774  899.833  864.429  821.720  772.108  716.433  656.529  640.519  570.058  567.815  556.253
 1059.449 1049.719 1033.658 1008.804  975.044  932.526  881.401  821.859  754.581  681.882  662.228  577.746  575.053  561.468
 1143.014 1131.477 1112.473 1083.177 1043.635  994.272  935.489  867.445  790.358  706.450  683.423  586.556  583.463  568.173
 1218.189 1204.971 1183.221 1149.773 1104.820 1049.080  983.339  908.030  823.072  730.045  704.013  596.628  593.192  576.558
 1280.044 1265.444 1241.435 1204.562 1155.126 1094.080 1022.557  941.376  850.500  750.791  722.412  607.233  603.539  585.945
 1325.816 1310.263 1284.690 1245.439 1192.879 1128.115 1052.523  967.257  872.496  768.622  738.614  618.422  614.558  596.410
 1352.809 1336.818 1310.522 1270.168 1216.148 1149.636 1072.127  984.969  888.559  783.065  752.225  629.963  626.022  607.735
 1359.443 1343.567 1317.459 1277.383 1223.720 1157.625 1080.589  993.993  898.345  793.787  762.947  641.602  637.680  619.667
 1345.421 1330.211 1305.192 1266.770 1215.275 1151.769 1077.619  994.093  901.675  800.569  770.559  653.070  649.262  631.925
 1311.751 1297.711 1274.606 1239.092 1191.424 1132.498 1063.467  985.359  898.531  803.304  774.921  664.113  660.511  644.232
 1260.619 1248.162 1227.651 1196.081 1153.608 1100.919 1038.872  968.188  889.063  801.977  775.963  674.469  671.161  656.295
 1195.112 1184.532 1167.093 1140.198 1103.891 1058.621 1004.928  943.219  873.577  796.676  773.713  683.994  681.062  667.929
 1118.743 1110.186 1096.060 1074.212 1044.579 1007.379  962.868  911.221  852.521  787.586  768.237  692.374  689.889  678.767
 1034.735 1028.200 1017.392 1000.614  977.729  948.785  913.863  873.049  826.494  774.999  759.688  699.306  697.324  688.447
  945.120  940.516  932.888  921.012  904.746  884.078  859.044  829.727  796.290  759.313  748.338  704.705  703.271  696.821
  850.844  848.127  843.624  836.610  827.000  814.787  799.997  782.683  762.926  741.019  734.524  708.422  707.563  703.671
  754.873  754.035  752.647  750.483  747.515  743.738  739.153  733.766  727.586  720.684  718.644  710.336  710.063  708.805
 
  590.708  589.998  588.821  586.989  584.477  581.283  577.411  572.868  567.665  561.909  560.609  554.298  554.098  552.700
  678.849  676.425  672.415  666.185  657.683  646.934  634.001  618.971  601.956  583.361  578.435  555.078  554.336  550.013
  774.992  770.652  763.476  752.335  737.149  718.001  695.057  668.561  638.832  606.697  598.103  558.348  557.085  549.934
  873.783  867.572  857.288  841.292  819.433  791.789  758.592  720.253  677.385  631.388  619.047  563.375  561.605  551.793
  969.334  961.382  948.224  927.775  899.834  864.430  821.721  772.109  716.437  656.797  640.681  569.767  567.509  555.268
 1059.449 1049.719 1033.658 1008.804  975.044  932.526  881.401  821.859  754.586  682.195  662.417  577.414  574.704  560.320
 1143.014 1131.478 1112.473 1083.177 1043.635  994.272  935.489  867.445  790.364  706.802  683.633  586.190  583.078  566.889
 1218.189 1204.971 1183.221 1149.773 1104.820 1049.080  983.340  908.030  823.078  730.427  704.239  596.237  592.781  575.167
 1280.044 1265.445 1241.436 1204.562 1155.126 1094.080 1022.557  941.377  850.507  751.195  722.650  606.823  603.108  584.478
 1325.816 1310.264 1284.690 1245.440 1192.879 1128.116 1052.524  967.258  872.503  769.038  738.858  618.001  614.115  594.898
 1352.809 1336.818 1310.522 1270.168 1216.148 1149.636 1072.127  984.969  888.565  783.485  752.471  629.539  625.577  606.212
 1359.443 1343.568 1317.460 1277.383 1223.721 1157.626 1080.590  993.994  898.352  794.201  763.189  641.183  637.240  618.166
 1345.421 1330.212 1305.193 1266.770 1215.276 1151.770 1077.619  994.094  901.681  800.970  770.792  652.665  648.836  630.478
 1311.751 1297.711 1274.606 1239.092 1191.424 1132.499 1063.467  985.359  898.537  803.681  775.140  663.729  660.107  642.871
 1260.619 1248.163 1227.651 1196.081 1153.608 1100.919 1038.872  968.188  889.068  802.322  776.163  674.113  670.787  655.047
 1195.112 1184.532 1167.093 1140.198 1103.891 1058.621 1004.928  943.219  873.582  796.982  773.889  683.672  680.724  666.819
 1118.743 1110.186 1096.061 1074.213 1044.580 1007.380  962.869  911.222  852.525  787.847  768.392  692.122  689.624  677.850
 1034.735 1028.200 1017.392 1000.614  977.729  948.785  913.863  873.049  826.497  775.208  759.825  699.168  697.177  687.779
  945.120  940.516  932.888  921.012  904.746  884.078  859.044  829.727  796.293  759.465  748.441  704.616  703.176  696.348
  850.844  848.127  843.624  836.610  827.000  814.787  799.997  782.683  762.928  741.112  734.590  708.388  707.526  703.406
  754.873  754.035  752.647  750.483  747.515  743.738  739.153  733.766  727.587  720.714  718.672  710.357  710.083  708.752
 
  590.708  589.998  588.821  586.989  584.477  581.283  577.411  572.868  567.666  561.942  560.648  554.367  554.168  552.700
  678.849  676.426  672.416  666.186  657.684  646.935  634.002  618.972  601.960  583.458  578.507  555.035  554.290  549.751
  774.992  770.655  763.478  752.337  737.151  718.003  695.059  668.564  638.837  606.856  598.197  558.148  556.876  549.367
  873.783  867.575  857.291  841.295  819.436  791.792  758.595  720.256  677.393  631.605  619.176  563.121  561.339  551.036
  969.334  961.386  948.227  927.778  899.837  864.433  821.724  772.113  716.447  657.066  640.842  569.464  567.192  554.336
 1059.449 1049.724 1033.662 1008.808  975.048  932.530  881.405  821.864  754.597  682.511  662.605  577.070  574.343  559.236
 1143.014 1131.483 1112.478 1083.182 1043.640  994.277  935.494  867.451  790.376  707.157  683.842  585.809  582.678  565.675
 1218.189 1204.977 1183.226 1149.778 1104.825 1049.085  983.345  908.035  823.091  730.812  704.465  595.828  592.352  573.852
 1280.044 1265.451 1241.441 1204.568 1155.132 1094.086 1022.563  941.383  850.520  751.601  722.887  606.394  602.659  583.091
 1325.816 1310.270 1284.697 1245.446 1192.885 1128.122 1052.530  967.264  872.517  769.458  739.102  617.562  613.655  593.471
 1352.809 1336.824 1310.528 1270.174 1216.154 1149.642 1072.133  984.975  888.579  783.909  752.716  629.096  625.112  604.773
 1359.443 1343.574 1317.466 1277.390 1223.727 1157.632 1080.596  994.000  898.366  794.619  763.429  640.746  636.781  616.747
 1345.421 1330.218 1305.198 1266.776 1215.281 1151.775 1077.625  994.100  901.695  801.373  771.023  652.242  648.393  629.111
 1311.751 1297.717 1274.611 1239.097 1191.429 1132.504 1063.472  985.365  898.550  804.060  775.357  663.327  659.686  641.583
 1260.619 1248.168 1227.656 1196.086 1153.613 1100.924 1038.877  968.194  889.080  802.670  776.361  673.741  670.397  653.866
 1195.112 1184.537 1167.097 1140.202 1103.896 1058.625 1004.932  943.224  873.592  797.291  774.064  683.337  680.373  665.770
 1118.743 1110.190 1096.064 1074.216 1044.583 1007.383  962.872  911.225  852.534  788.109  768.540  691.830  689.318  676.953
 1034.735 1028.203 1017.395 1000.617  977.732  948.788  913.866  873.052  826.504  775.419  759.962  699.019  697.020  687.151
  945.120  940.519  932.890  921.014  904.748  884.080  859.046  829.730  796.298  759.619  748.544  704.522  703.075  695.906
  850.844  848.128  843.625  836.611  827.001  814.788  799.998  782.684  762.931  741.205  734.657  708.349  707.483  703.158
  754.873  754.035  752.647  750.483  747.515  743.738  739.153  733.766  727.588  720.745  718.700  710.377  710.103  708.706
 
  590.708  589.998  588.821  586.989  584.477  581.283  577.411  572.868  567.667  561.974  560.650  554.224  554.020  552.700
  678.849  676.425  672.415  666.185  657.683  646.934  634.001  618.971  601.961  583.551  578.578  555.003  554.254  550.172
  774.992  770.652  763.476  752.335  737.149  718.001  695.057  668.561  638.840  607.009  598.289  557.965  556.684  549.931
  873.783  867.572  857.288  841.292  819.433  791.789  758.592  720.253  677.396  631.814  619.304  562.890  561.096  551.831
  969.334  961.382  948.224  927.775  899.834  864.430  821.721  772.109  716.450  657.326  641.001  569.188  566.902  555.342
 1059.449 1049.719 1033.658 1008.804  975.044  932.526  881.401  821.859  754.600  682.815  662.789  576.756  574.014  560.431
 1143.014 1131.478 1112.473 1083.177 1043.635  994.272  935.489  867.446  790.380  707.499  684.049  585.464  582.316  567.029
 1218.189 1204.971 1183.221 1149.773 1104.820 1049.080  983.340  908.030  823.095  731.183  704.687  595.459  591.964  575.332
 1280.044 1265.445 1241.436 1204.562 1155.126 1094.080 1022.557  941.377  850.524  751.994  723.121  606.008  602.253  584.660
 1325.816 1310.264 1284.690 1245.439 1192.879 1128.115 1052.523  967.258  872.521  769.862  739.342  617.165  613.238  595.092
 1352.809 1336.818 1310.522 1270.168 1216.148 1149.636 1072.127  984.969  888.583  784.317  752.957  628.697  624.692  606.407
 1359.443 1343.568 1317.459 1277.383 1223.720 1157.625 1080.589  993.994  898.370  795.022  763.667  640.351  636.366  618.354
 1345.421 1330.212 1305.192 1266.770 1215.275 1151.769 1077.619  994.094  901.699  801.762  771.252  651.860  647.991  630.655
 1311.751 1297.711 1274.606 1239.092 1191.424 1132.499 1063.467  985.359  898.553  804.427  775.572  662.965  659.306  643.029
 1260.619 1248.163 1227.651 1196.081 1153.608 1100.919 1038.872  968.189  889.083  803.006  776.557  673.405  670.044  655.180
 1195.112 1184.532 1167.093 1140.198 1103.891 1058.621 1004.928  943.219  873.595  797.588  774.237  683.033  680.053  666.923
 1118.743 1110.186 1096.061 1074.213 1044.580 1007.380  962.869  911.222  852.537  788.362  768.695  691.607  689.083  677.964
 1034.735 1028.200 1017.392 1000.614  977.729  948.785  913.863  873.049  826.507  775.622  760.097  698.893  696.885  688.011
  945.120  940.516  932.888  921.012  904.746  884.078  859.044  829.727  796.300  759.767  748.646  704.443  702.990  696.543
  850.844  848.127  843.624  836.610  827.000  814.787  799.997  782.683  762.932  741.295  734.723  708.319  707.450  703.560
  754.873  754.035  752.647  750.483  747.515  743.738  739.153  733.766  727.588  720.774  718.728  710.400  710.126  708.868
 
  590.708  589.997  588.820  586.988  584.476  581.282  577.410  572.867  567.668  562.005  560.678  554.240  554.035  552.700
  678.849  676.424  672.414  666.184  657.682  646.933  634.000  618.970  601.964  583.644  578.648  554.969  554.218  550.088
  774.992  770.651  763.474  752.333  737.147  717.999  695.055  668.560  638.843  607.161  598.381  557.780  556.490  549.660
  873.783  867.570  857.286  841.290  819.431  791.787  758.590  720.251  677.400  632.022  619.430  562.656  560.851  551.480
  969.334  961.379  948.220  927.771  899.830  864.426  821.717  772.106  716.455  657.585  641.158  568.911  566.611  554.918
 1059.449 1049.716 1033.654 1008.800  975.040  932.522  881.397  821.856  754.606  683.119  662.973  576.441  573.682  559.943
 1143.014 1131.474 1112.469 1083.173 1043.631  994.268  935.485  867.442  790.386  707.840  684.253  585.116  581.951  566.487
 1218.189 1204.967 1183.216 1149.768 1104.815 1049.075  983.335  908.026  823.102  731.553  704.908  595.086  591.573  574.748
 1280.044 1265.440 1241.431 1204.558 1155.122 1094.076 1022.553  941.372  850.531  752.385  723.353  605.618  601.843  584.047
 1325.816 1310.259 1284.686 1245.435 1192.875 1128.111 1052.519  967.253  872.528  770.266  739.580  616.765  612.818  594.462
 1352.809 1336.814 1310.517 1270.163 1216.143 1149.631 1072.122  984.964  888.590  784.724  753.196  628.294  624.269  605.772
 1359.443 1343.563 1317.455 1277.379 1223.716 1157.621 1080.585  993.989  898.377  795.424  763.902  639.954  635.949  617.729
 1345.421 1330.207 1305.188 1266.766 1215.271 1151.765 1077.615  994.089  901.705  802.149  771.478  651.475  647.586  630.051
 1311.751 1297.707 1274.601 1239.087 1191.419 1132.494 1063.462  985.355  898.560  804.792  775.785  662.599  658.921  642.457
 1260.619 1248.159 1227.647 1196.077 1153.604 1100.915 1038.868  968.185  889.089  803.340  776.752  673.066  669.688  654.653
 1195.112 1184.529 1167.089 1140.194 1103.887 1058.617 1004.924  943.216  873.601  797.885  774.409  682.727  679.732  666.451
 1118.743 1110.183 1096.058 1074.209 1044.576 1007.376  962.865  911.219  852.541  788.615  768.841  691.340  688.802  677.556
 1034.735 1028.198 1017.390 1000.612  977.727  948.783  913.861  873.047  826.510  775.825  760.232  698.765  696.748  687.773
  945.120  940.515  932.886  921.010  904.744  884.076  859.042  829.726  796.302  759.915  748.747  704.362  702.903  696.382
  850.844  848.126  843.623  836.609  826.999  814.786  799.996  782.682  762.934  741.384  734.788  708.288  707.416  703.482
  754.873  754.034  752.646  750.482  747.514  743.737  739.152  733.765  727.589  720.803  718.756  710.422  710.148  708.876
 
  590.708  589.997  588.820  586.988  584.476  581.282  577.410  572.867  567.669  562.037  560.711  554.277  554.073  552.700
  678.849  676.424  672.413  666.183  657.681  646.932  633.999  618.970  601.967  583.737  578.719  554.933  554.178  549.933
  774.992  770.650  763.474  752.333  737.147  717.999  695.055  668.559  638.849  607.313  598.472  557.592  556.293  549.271
  873.783  867.569  857.285  841.289  819.430  791.786  758.589  720.250  677.408  632.231  619.556  562.417  560.601  550.966
  969.334  961.378  948.219  927.770  899.829  864.425  821.716  772.105  716.464  657.844  641.314  568.627  566.314  554.292
 1059.449 1049.715 1033.653 1008.799  975.039  932.521  881.396  821.855  754.616  683.423  663.155  576.119  573.344  559.218
 1143.014 1131.472 1112.468 1083.172 1043.630  994.267  935.484  867.440  790.397  708.181  684.457  584.760  581.577  565.678
 1218.189 1204.965 1183.215 1149.767 1104.814 1049.074  983.334  908.024  823.113  731.924  705.127  594.706  591.174  573.875
 1280.044 1265.439 1241.429 1204.556 1155.120 1094.074 1022.551  941.371  850.543  752.776  723.583  605.219  601.425  583.127
 1325.816 1310.258 1284.684 1245.433 1192.873 1128.109 1052.517  967.252  872.540  770.670  739.817  616.356  612.388  593.514
 1352.809 1336.812 1310.515 1270.161 1216.141 1149.629 1072.120  984.963  888.603  785.132  753.434  627.881  623.836  604.817
 1359.443 1343.562 1317.453 1277.377 1223.714 1157.619 1080.583  993.988  898.389  795.826  764.137  639.547  635.522  616.787
 1345.421 1330.206 1305.186 1266.764 1215.269 1151.763 1077.613  994.088  901.717  802.537  771.704  651.081  647.173  629.142
 1311.751 1297.705 1274.600 1239.086 1191.418 1132.493 1063.461  985.353  898.570  805.157  775.996  662.225  658.529  641.600
 1260.619 1248.157 1227.646 1196.076 1153.603 1100.914 1038.867  968.183  889.099  803.675  776.945  672.719  669.324  653.865
 1195.112 1184.528 1167.088 1140.193 1103.886 1058.616 1004.923  943.215  873.609  798.182  774.580  682.414  679.404  665.748
 1118.743 1110.182 1096.056 1074.208 1044.575 1007.375  962.864  911.218  852.549  788.867  768.985  691.066  688.515  676.953
 1034.735 1028.197 1017.389 1000.611  977.726  948.782  913.860  873.046  826.516  776.027  760.366  698.633  696.607  687.380
  945.120  940.514  932.886  921.010  904.744  884.076  859.042  829.725  796.307  760.063  748.848  704.278  702.813  696.110
  850.844  848.126  843.622  836.608  826.998  814.785  799.995  782.682  762.936  741.474  734.854  708.256  707.381  703.337
  754.873  754.034  752.646  750.482  747.514  743.737  739.152  733.765  727.590  720.833  718.784  710.445  710.170  708.863
 
  590.708  589.997  588.820  586.988  584.476  581.282  577.410  572.867  567.670  562.069  560.739  554.292  554.087  552.700
  678.849  676.423  672.413  666.183  657.681  646.932  633.999  618.970  601.971  583.830  578.788  554.896  554.137  549.848
  774.992  770.650  763.474  752.332  737.147  717.998  695.054  668.559  638.855  607.465  598.562  557.403  556.095  549.000
  873.783  867.569  857.284  841.288  819.429  791.785  758.588  720.250  677.416  632.438  619.681  562.177  560.349  550.613
  969.334  961.378  948.219  927.770  899.829  864.425  821.716  772.105  716.474  658.102  641.469  568.342  566.015  553.866
 1059.449 1049.714 1033.653 1008.799  975.039  932.521  881.396  821.854  754.628  683.725  663.336  575.794  573.004  558.728
 1143.014 1131.472 1112.467 1083.171 1043.629  994.266  935.483  867.440  790.410  708.521  684.659  584.402  581.202  565.133
 1218.189 1204.965 1183.214 1149.766 1104.813 1049.073  983.333  908.024  823.127  732.293  705.345  594.323  590.772  573.289
 1280.044 1265.438 1241.428 1204.555 1155.119 1094.073 1022.550  941.371  850.558  753.167  723.812  604.818  601.003  582.510
 1325.816 1310.257 1284.683 1245.432 1192.872 1128.108 1052.516  967.251  872.555  771.073  740.052  615.943  611.955  592.880
 1352.809 1336.811 1310.514 1270.160 1216.140 1149.628 1072.119  984.963  888.618  785.538  753.671  627.467  623.401  604.179
 1359.443 1343.561 1317.452 1277.376 1223.713 1157.618 1080.582  993.987  898.404  796.227  764.369  639.137  635.091  616.158
 1345.421 1330.205 1305.185 1266.763 1215.268 1151.762 1077.612  994.088  901.731  802.924  771.928  650.684  646.757  628.534
 1311.751 1297.705 1274.599 1239.085 1191.417 1132.492 1063.460  985.353  898.584  805.521  776.207  661.849  658.134  641.026
 1260.619 1248.157 1227.645 1196.075 1153.602 1100.913 1038.866  968.183  889.112  804.009  777.137  672.370  668.958  653.335
 1195.112 1184.527 1167.088 1140.192 1103.886 1058.616 1004.923  943.214  873.621  798.478  774.749  682.099  679.073  665.273
 1118.743 1110.182 1096.056 1074.208 1044.575 1007.375  962.864  911.218  852.558  789.119  769.128  690.790  688.226  676.541
 1034.735 1028.197 1017.388 1000.610  977.725  948.781  913.859  873.046  826.524  776.230  760.499  698.499  696.465  687.141
  945.120  940.514  932.885  921.009  904.744  884.075  859.041  829.725  796.313  760.211  748.949  704.193  702.722  695.949
  850.844  848.125  843.622  836.608  826.998  814.785  799.995  782.681  762.940  741.564  734.918  708.224  707.345  703.259
  754.873  754.034  752.646  750.482  747.514  743.737  739.152  733.765  727.591  720.862  718.812  710.467  710.192  708.872
 
  590.708  589.997  588.820  586.988  584.476  581.282  577.410  572.867  567.672  562.100  560.767  554.299  554.094  552.700
  678.849  676.423  672.413  666.183  657.681  646.932  633.999  618.970  601.976  583.922  578.858  554.860  554.098  549.786
  774.992  770.650  763.474  752.332  737.147  717.998  695.054  668.559  638.863  607.615  598.651  557.214  555.898  548.765
  873.783  867.569  857.284  841.288  819.429  791.785  758.588  720.250  677.427  632.644  619.804  561.937  560.098  550.310
  969.334  961.378  948.219  927.770  899.829  864.425  821.716  772.105  716.487  658.359  641.623  568.057  565.716  553.502
 1059.449 1049.714 1033.653 1008.799  975.039  932.521  881.395  821.855  754.642  684.027  663.516  575.469  572.663  558.312
 1143.014 1131.472 1112.467 1083.171 1043.629  994.266  935.483  867.441  790.425  708.859  684.859  584.044  580.826  564.673
 1218.189 1204.965 1183.214 1149.766 1104.813 1049.073  983.333  908.025  823.144  732.660  705.562  593.939  590.369  572.793
 1280.044 1265.438 1241.428 1204.555 1155.119 1094.073 1022.550  941.371  850.575  753.555  724.040  604.415  600.580  581.990
 1325.816 1310.257 1284.683 1245.432 1192.872 1128.108 1052.516  967.252  872.573  771.473  740.286  615.531  611.523  592.346
 1352.809 1336.811 1310.514 1270.160 1216.140 1149.628 1072.119  984.963  888.635  785.942  753.906  627.051  622.965  603.641
 1359.443 1343.561 1317.452 1277.376 1223.713 1157.618 1080.582  993.988  898.421  796.626  764.600  638.727  634.661  615.627
 1345.421 1330.205 1305.185 1266.763 1215.268 1151.762 1077.612  994.088  901.748  803.309  772.150  650.287  646.339  628.021
 1311.751 1297.705 1274.599 1239.085 1191.417 1132.492 1063.460  985.354  898.600  805.884  776.415  661.472  657.738  640.539
 1260.619 1248.157 1227.645 1196.075 1153.602 1100.913 1038.866  968.183  889.126  804.341  777.328  672.021  668.591  652.886
 1195.112 1184.527 1167.088 1140.192 1103.886 1058.615 1004.922  943.215  873.633  798.773  774.917  681.784  678.742  664.870
 1118.743 1110.182 1096.056 1074.208 1044.575 1007.375  962.864  911.218  852.569  789.370  769.270  690.515  687.937  676.191
 1034.735 1028.197 1017.388 1000.610  977.725  948.781  913.859  873.046  826.533  776.431  760.618  698.301  696.256  686.884
  945.120  940.514  932.885  921.009  904.743  884.075  859.041  829.725  796.319  760.358  749.048  704.108  702.632  695.823
  850.844  848.125  843.622  836.608  826.998  814.785  799.995  782.682  762.944  741.653  734.983  708.190  707.309  703.201
  754.873  754.034  752.646  750.482  747.514  743.737  739.152  733.765  727.592  720.891  718.840  710.489  710.214  708.886
 
  590.708  589.997  588.820  586.988  584.476  581.282  577.410  572.868  567.674  562.131  560.795  554.314  554.108  552.700
  678.849  676.424  672.413  666.183  657.681  646.932  633.999  618.970  601.982  584.014  578.926  554.822  554.057  549.702
  774.992  770.650  763.474  752.333  737.147  717.999  695.055  668.560  638.872  607.765  598.740  557.024  555.699  548.494
  873.783  867.570  857.285  841.289  819.430  791.786  758.589  720.251  677.438  632.850  619.927  561.696  559.845  549.957
  969.334  961.379  948.220  927.771  899.830  864.426  821.717  772.106  716.501  658.615  641.776  567.770  565.414  553.076
 1059.449 1049.715 1033.653 1008.799  975.039  932.521  881.396  821.856  754.658  684.327  663.695  575.142  572.320  557.821
 1143.014 1131.473 1112.468 1083.172 1043.630  994.267  935.484  867.442  790.443  709.196  685.058  583.684  580.449  564.129
 1218.189 1204.966 1183.215 1149.767 1104.814 1049.074  983.334  908.026  823.163  733.027  705.777  593.553  589.964  572.207
 1280.044 1265.440 1241.430 1204.556 1155.120 1094.074 1022.551  941.373  850.595  753.942  724.266  604.010  600.156  581.373
 1325.816 1310.258 1284.684 1245.433 1192.873 1128.109 1052.517  967.253  872.593  771.873  740.518  615.116  611.087  591.712
 1352.809 1336.813 1310.516 1270.162 1216.142 1149.630 1072.121  984.965  888.656  786.345  754.139  626.632  622.525  603.002
 1359.443 1343.562 1317.453 1277.377 1223.714 1157.619 1080.583  993.989  898.441  797.024  764.829  638.313  634.227  614.997
 1345.421 1330.207 1305.187 1266.764 1215.270 1151.763 1077.613  994.089  901.768  803.693  772.370  649.887  645.920  627.412
 1311.751 1297.706 1274.600 1239.086 1191.418 1132.493 1063.461  985.355  898.618  806.245  776.622  661.092  657.340  639.964
 1260.619 1248.158 1227.646 1196.076 1153.603 1100.914 1038.867  968.185  889.143  804.672  777.517  671.669  668.222  652.356
 1195.112 1184.528 1167.088 1140.193 1103.886 1058.616 1004.923  943.216  873.649  799.066  775.084  681.466  678.409  664.394
 1118.743 1110.183 1096.057 1074.209 1044.576 1007.376  962.865  911.219  852.582  789.619  769.411  690.237  687.646  675.780
 1034.735 1028.198 1017.389 1000.611  977.726  948.782  913.860  873.047  826.543  776.632  760.730  698.068  696.013  686.544
  945.120  940.514  932.886  921.010  904.744  884.076  859.042  829.726  796.327  760.504  749.147  704.022  702.539  695.662
  850.844  848.126  843.622  836.608  826.998  814.785  799.995  782.682  762.949  741.742  735.047  708.156  707.272  703.122
  754.873  754.034  752.646  750.482  747.514  743.737  739.152  733.765  727.594  720.920  718.867  710.510  710.235  708.894
 
